80.33333333333333
56.666666666666664
49.0
73.33333333333333
73.33333333333333
75.33333333333333
64.66666666666667
83.0
82.33333333333333
70.66666666666667
53.0
68.33333333333333
53.666666666666664
72.66666666666667
48.0
57.333333333333336
76.33333333333333
70.66666666666667
59.0
62.333333333333336
89.66666666666667
75.0
45.0
74.66666666666667
59.333333333333336
56.0
59.333333333333336
55.666666666666664
70.66666666666667
29.333333333333332
35.0
82.0
48.666666666666664
65.66666666666667
56.666666666666664
68.33333333333333
62.333333333333336
47.333333333333336
52.333333333333336
40.666666666666664
79.0
59.333333333333336
41.333333333333336
49.666666666666664
95.0
33.0
36.333333333333336
50.0
66.66666666666667
77.66666666666667
68.33333333333333
52.666666666666664
72.0
63.666666666666664
71.66666666666667
49.333333333333336
57.0
61.333333333333336
48.0
67.33333333333333
54.666666666666664
51.666666666666664
48.333333333333336
48.333333333333336
57.666666666666664
75.0
58.666666666666664
52.0
68.0
44.333333333333336
38.666666666666664
81.66666666666667
63.0
54.0
71.0
87.0
78.66666666666667
74.0
81.0
41.0
47.666666666666664
71.66666666666667
48.0
58.0
51.0
60.333333333333336
59.0
78.66666666666667
90.66666666666667
51.666666666666664
74.66666666666667
77.0
85.33333333333333
72.33333333333333
69.0
81.33333333333333
43.0
66.33333333333333
46.666666666666664
34.0
59.0
36.333333333333336
50.333333333333336
41.333333333333336
63.333333333333336
50.333333333333336
81.33333333333333
66.0
68.66666666666667
65.66666666666667
61.333333333333336
64.33333333333333
59.0
61.0
68.0
56.666666666666664
60.333333333333336
39.666666666666664
39.666666666666664
38.333333333333336
40.0
47.0
57.666666666666664
74.33333333333333
75.0
72.33333333333333
65.66666666666667
65.0
55.666666666666664
64.0
77.66666666666667
77.33333333333333
65.66666666666667
80.66666666666667
46.0
67.0
59.0
69.33333333333333
76.66666666666667
59.0
54.333333333333336
69.0
58.666666666666664
51.0
46.0
60.333333333333336
51.666666666666664
63.666666666666664
70.0
68.66666666666667
64.0
59.0
74.33333333333333
79.33333333333333
56.0
83.33333333333333
65.33333333333333
67.33333333333333
60.333333333333336
52.0
69.66666666666667
72.33333333333333
67.66666666666667
73.66666666666667
58.666666666666664
46.333333333333336
56.333333333333336
56.0
87.0
56.333333333333336
73.0
49.0
63.666666666666664
78.66666666666667
52.0
79.33333333333333
57.666666666666664
50.666666666666664
62.333333333333336
69.33333333333333
49.333333333333336
54.0
69.33333333333333
65.0
42.0
58.0
63.0
59.666666666666664
71.66666666666667
34.333333333333336
48.333333333333336
87.33333333333333
87.33333333333333
54.666666666666664
52.666666666666664
64.57435897435897 60.44102564102564 60.43589743589744